Second Task NM:
Iterations: 2, xk: [[0], [1.00000000000000], [0]], residual: 0
Iterations: 2, xk: [[0], [4.44089209850063e-16], [0.999999999999996], [0], [1.11022302462516e-16]], residual: 7.63754859118212E-8
Iterations: 3, xk: [[23.9999999999999], [-10.0000000000019], [-2.99999999999998], [1.00000000000008], [-2.94415704357337e-16], [-7.16400403845391e-16]], residual: 3.27830531090095E-7
Iterations: 2001, xk: [[0.973794292186562], [0.779086998594097], [0.259145113288975], [0.0375827381119549], [0.00741107953559312], [0.00235296290623539], [0.000246234444571135], [-7.53266064576015e-6], [-3.58624557656449e-7], [3.06386146250456e-7], [2.00659978582769e-8]], residual: 0.00879949374867755
Iterations: 2001, xk: [[1.00001127812330], [0.999921876364667], [0.499972691415259], [0.166726043331376], [0.0416777456102093], [0.00832011050521675], [0.00138714633672320], [0.000199755541111343], [2.49410758141261e-5], [2.68124505596779e-6], [2.69114562235893e-7], [2.75159635928160e-8], [2.27224735048317e-9], [1.10080107022728e-10], [8.12761193159750e-12], [1.40685525456938e-12], [8.59289219636535e-14], [-2.02360594459927e-15], [-1.04286203039390e-16], [2.68803744402403e-17], [1.33047317410625e-18]], residual: 495927010.363822
Second Task SD:
Iterations: 2001, xk: [[-0.000403123199522074], [0.999999592010767], [6.57173428479047e-6]], residual: 0.0246456195425770
Iterations: 2001, xk: [[0.0102397641739058], [0.000754092022963460], [0.221637572026657], [-0.000782393321339397], [0.00989616325742290]], residual: 21787.7033005051
Iterations: 2001, xk: [[-6.92218042548813e-5], [0.00125153873002758], [-0.00300164686054546], [0.0393297348305784], [-0.0346360416633931], [0.0101282967691139]], residual: 504244.656521828
Iterations: 2001, xk: [[1.89511863540625e-14], [1.13331456416124e-13], [9.01982106200585e-13], [5.75106808302156e-12], [4.62635180303670e-11], [3.02467843061246e-10], [2.26958583997176e-9], [1.49930069363040e-8], [8.78572542325367e-8], [5.72932744912423e-7], [5.85958786216716e-8]], residual: 10954562823.3758
Iterations: 2001, xk: [[6.32773144730604e-32], [4.87965809879419e-31], [4.23067301820466e-30], [3.31522514074241e-29], [2.94921463445721e-28], [2.31672399503460e-27], [2.09585424161297e-26], [1.63563068195347e-25], [1.49663368862708e-24], [1.14969137503101e-23], [1.05967005900058e-22], [7.91248224928661e-22], [7.31719544863631e-21], [5.19886942515279e-20], [4.79887263830713e-19], [3.10091344106155e-18], [2.82849573926505e-17], [1.45047696186971e-16], [1.26250339035003e-15], [1.32898434350577e-15], [1.21654214984592e-16]], residual: 8.70114473637809E+20
